4294967278,55
4294967278,33
4294967278,287
4294967279,502
4294967279,71
4294967279,223
4294967279,52
4294967278,201
4294967278,200
4294967278,308
4294967278,396
4294967278,190
4294967279,186
4294967279,185
4294967278,315
4294967278,175
4294967279,411
4294967294,173
4294967279,243
4294967278,169
4294967278,395
4294967279,170
4294967279,225
4294967278,166
3592,6
3592,5
3592,4
3592,3
3592,2
3592,1
4294967278,163
4294967279,501
4294967279,49
4294967279,469
4294967278,311
4294967279,221
4294967278,154
4294967278,393
4294967279,149
3589,4
4294967279,146
3589,3
3589,2
3589,1
4294967294,1087
4294967278,28
3588,7
3588,6
3588,5
3588,4
3588,3
3588,2
3588,1
4294967279,290
4294967278,270
4294967279,16
3587,6
4294967279,287
3587,5
3587,4
3587,3
3587,2
3587,1
4294967279,219
4294967278,391
4294967294,413
4294967294,407
4294967294,411
4294967294,168
4294967294,425
4294967294,403
4294967294,420
4294967294,384
4294967294,468
4294967279,445
4294967279,444
3584,7
4294967279,227
4294967279,442
3584,6
3584,5
3584,4
3584,3
3584,2
3584,1
4294967279,441
4294967279,202
4294967278,199
4294967278,388
4294967279,189
4294967294,1082
4294967279,448
4294967294,1244
3577,5
3577,4
3577,3
3577,2
3577,1
4294967278,416
3575,5
3575,4
3575,3
3575,2
3575,1
4294967278,387
3573,5
3573,4
3573,3
3573,2
3573,1
4294967279,415
4294967294,1421
4294967294,1426
4294967294,494
3571,6
4294967294,1423
4294967294,1422
3571,5
3571,4
3571,3
3571,2
3571,1
4294967278,385
4294967278,361
3570,5
3570,4
3570,3
3570,2
3570,1
4294967278,248
4294967294,1160
4294967279,237
3569,5
4294967278,236
3569,4
3569,3
3569,2
3569,1
4294967278,226
3568,5
3568,4
3568,3
3568,2
3568,1
4294967294,1078
4294967294,465
4294967279,211
4294967294,469
3566,4
3566,3
3566,2
3566,1
4294967278,205
4294967278,342
4294967279,309
4294967294,422
4294967294,11
4294967294,68
4294967278,352
4294967278,406
4294967278,442
4294967279,425
4294967279,440
4294967279,175
4294967278,167
4294967278,159
4294967278,152
4294967279,456
4294967279,438
4294967294,1074
4294967294,1084
4294967278,306
3565,6
3565,5
3565,4
3565,2
3565,1
4294967278,249
4294967279,437
4294967279,284
3562,4
3562,3
3562,2
3562,1
4294967279,231
4294967278,250
4294967278,254
3561,7
3561,6
4294967278,253
3561,5
3561,4
3561,2
3561,1
4294967278,242
4294967279,240
4294967278,247
4294967279,236
4294967278,228
4294967279,234
3560,6
3560,5
3560,4
3560,3
3560,2
3560,1
4294967279,434
4294967279,433
4294967278,220
4294967279,220
4294967278,218
4294967279,218
4294967278,216
4294967278,213
4294967278,212
4294967279,212
4294967278,209
4294967278,206
4294967278,440
3557,7
4294967278,243
4294967278,191
3557,6
3557,5
3557,4
3557,3
3557,2
3557,1
4294967279,461
4294967278,241
4294967278,181
4294967278,239
4294967278,260
4294967278,344
4294967279,180
4294967278,177
4294967279,178
4294967294,493
4294967279,164
4294967279,429
4294967294,1081
4294967294,170
4294967294,1158
4294967294,1075
4294967294,449
4294967294,410
4294967294,453
4294967294,458
4294967278,235
4294967278,402
4294967278,386
4294967278,231
4294967278,136
4294967278,444
3550,5
3550,4
3550,3
3550,2
3550,1
3548,5
3548,4
3548,3
3548,2
3548,1
4294967278,290
3546,5
3546,4
3546,3
3546,2
3546,1
3544,6
3544,5
4294967278,211
3544,4
3544,3
3544,2
3544,1
4294967294,1424
4294967279,207
4294967278,225
3543,5
4294967278,204
3543,4
3543,3
3543,2
3543,1
4294967294,492
4294967278,262
3542,5
3542,4
3542,3
3542,2
3542,1
3541,5
3541,4
3541,3
3541,2
3541,1
4294967294,491
4294967278,223
4294967278,183
4294967278,180
4294967279,181
3539,4
3539,3
3539,2
3539,1
4294967294,399
4294967294,187
4294967294,178
4294967294,385
4294967294,421
4294967294,167
4294967294,183
4294967294,398
4294967294,406
4294967294,415
4294967294,599
4294967294,1083
4294967294,408
4294967294,175
4294967279,424
4294967279,471
4294967279,423
4294967279,422
4294967278,221
4294967294,190
4294967279,443
4294967278,174
4294967278,427
4294967278,267
4294967279,317
4294967279,472
4294967279,498
4294967278,219
4294967278,276
4294967279,272
4294967279,393
4294967279,421
3538,6
3538,5
3538,4
3538,2
3538,1
4294967279,497
4294967279,247
4294967278,343
3535,4
3535,3
3535,2
3535,1
3534,7
3534,6
3534,5
3534,4
3534,2
3534,1
4294967279,449
4294967279,192
3533,6
4294967279,194
3533,5
3533,4
3533,3
3533,2
3533,1
4294967294,1248
4294967294,1077
4294967279,419
4294967279,460
4294967278,217
3530,7
3530,6
3530,5
3530,4
3530,3
3530,2
3530,1
4294967278,215
4294967279,418
4294967279,251
4294967294,490
4294967279,417
4294967278,383
4294967279,475
4294967294,409
4294967294,395
4294967294,456
4294967294,450
4294967294,387
4294967278,382
4294967279,400
4294967279,414
4294967279,384
4294967278,381
4294967278,399
4294967279,406
3523,5
3523,4
3523,3
3523,2
3523,1
3521,5
3521,4
3521,3
3521,2
3521,1
4294967278,376
3519,5
3519,4
3519,3
3519,2
3519,1
4294967279,188
4294967279,468
4294967278,375
3517,6
4294967278,374
4294967279,489
3517,5
3517,4
3517,3
3517,2
3517,1
3516,5
3516,4
3516,3
3516,2
3516,1
4294967294,489
4294967279,138
3515,5
3515,4
3515,3
3515,2
3515,1
3514,5
3514,4
3514,3
3514,2
3514,1
4294967294,488
4294967294,109
4294967294,169
3512,4
3512,3
3512,2
3512,1
4294967278,428
4294967294,390
4294967278,373
4294967279,490
4294967278,301
4294967278,269
4294967278,424
4294967278,130
4294967278,128
4294967278,126
4294967278,125
4294967278,341
4294967278,124
4294967278,436
4294967278,122
4294967278,121
4294967278,120
4294967278,119
4294967278,118
4294967278,117
4294967278,115
4294967278,113
4294967278,111
4294967278,110
4294967278,109
4294967278,108
4294967278,107
4294967278,105
4294967278,102
4294967278,407
4294967278,100
4294967278,98
4294967278,96
4294967278,95
4294967278,90
4294967278,87
4294967278,85
4294967278,84
4294967278,83
4294967278,81
4294967278,80
4294967278,79
4294967278,78
4294967278,75
4294967278,74
4294967278,71
4294967278,69
4294967278,67
4294967278,65
4294967278,64
4294967279,82
4294967279,81
4294967279,69
4294967279,56
4294967279,51
4294967279,42
4294967279,36
4294967279,35
4294967279,34
4294967279,24
4294967279,14
4294967279,12
4294967279,410
4294967278,371
4294967279,9
4294967278,252
4294967279,488
4294967278,370
3511,6
3511,5
3511,4
3511,2
3511,1
4294967279,268
4294967279,80
4294967278,192
3508,4
3508,3
3508,2
3508,1
4294967279,412
4294967279,74
4294967279,72
3507,7
4294967279,183
3507,6
3507,5
3507,4
3507,2
3507,1
4294967279,65
4294967279,64
4294967279,63
4294967278,414
4294967279,58
3506,6
3506,5
3506,4
3506,3
3506,2
3506,1
4294967278,364
4294967279,153
3503,7
4294967279,407
4294967279,174
3503,6
3503,5
4294967279,279
3503,4
3503,3
3503,2
3503,1
4294967278,285
4294967278,389
4294967279,402
4294967294,392
4294967278,264
4294967279,266
4294967278,295
4294967279,6
4294967294,487
4294967279,8
4294967279,401
4294967278,324
4294967294,454
4294967294,189
4294967294,402
4294967279,389
4294967279,254
4294967279,399
4294967278,289
4294967278,378
4294967278,297
4294967278,397
4294967294,163
4294967294,1156
4294967279,486
4294967279,464
3496,5
3496,4
3496,3
3496,2
3496,1
4294967278,256
4294967279,398
3494,5
3494,4
3494,3
3494,2
3494,1
4294967279,182
4294967294,89
4294967278,412
4294967279,256
3492,5
3492,4
3492,3
3492,2
3492,1
3490,6
4294967294,114
3490,5
4294967294,388
3490,4
3490,3
3490,2
3490,1
4294967279,396
3489,5
3489,4
3489,3
3489,2
3489,1
4294967294,120
3488,5
3488,4
3488,3
3488,2
3488,1
3487,5
3487,4
3487,3
3487,2
3487,1
4294967294,389
4294967294,115
4294967279,395
4294967278,263
4294967279,265
3485,4
3485,3
3485,2
3485,1
4294967294,179
4294967294,462
4294967294,460
4294967294,464
